[1] "Out-degree matrix in the passing of generations"
       [,1]  [,2]  [,3]  [,4]  [,5]  [,6]  [,7]  [,8]  [,9] [,10]
 [1,] 4.849 4.451 4.501 4.507 4.076 4.260 4.130 4.058 3.798 3.924
 [2,] 4.871 4.479 4.575 4.369 4.016 4.212 4.106 4.058 3.798 3.924
 [3,] 5.097 5.853 6.281 6.191 6.524 6.508 6.678 6.706 6.876 6.768
 [4,] 5.049 4.587 4.443 4.313 4.016 4.212 4.106 4.058 3.798 3.924
 [5,] 5.017 4.143 4.107 4.281 3.998 4.212 4.106 4.058 3.798 3.922
 [6,] 4.863 4.309 4.127 3.767 3.362 3.444 3.298 3.294 3.124 3.232
 [7,] 4.965 4.761 4.629 4.379 4.016 4.212 4.106 4.058 3.798 3.924
 [8,] 5.321 4.849 4.479 4.465 4.058 4.260 4.130 4.058 3.798 3.924
 [9,] 4.989 4.363 4.375 4.333 4.016 4.212 4.106 4.058 3.798 3.924
[10,] 4.797 4.415 4.325 4.307 4.016 4.212 4.106 4.058 3.798 3.924

[1] "In-degree matrix in the passing of generations"
       [,1]  [,2]  [,3]  [,4]  [,5]  [,6]  [,7]  [,8]  [,9] [,10]
 [1,] 4.865 4.368 4.638 5.039 4.571 5.152 5.020 4.904 4.416 4.631
 [2,] 4.719 3.206 2.310 1.665 1.339 1.056 1.004 1.000 1.000 1.001
 [3,] 5.637 7.082 7.976 8.779 8.957 8.992 8.996 9.000 9.000 8.999
 [4,] 4.671 3.558 3.650 2.705 2.247 2.080 1.788 1.848 1.720 1.865
 [5,] 5.287 6.636 7.764 8.655 8.903 8.944 8.972 9.000 9.000 8.999
 [6,] 5.111 4.032 3.332 2.679 2.057 2.080 1.812 1.848 1.720 1.865
 [7,] 5.133 4.988 4.906 4.807 4.377 5.104 5.020 4.904 4.416 4.631
 [8,] 4.321 3.226 2.918 2.621 2.249 2.080 1.788 1.848 1.720 1.865
 [9,] 4.957 4.540 3.962 3.869 3.671 4.128 4.236 4.056 3.696 3.767
[10,] 5.117 4.574 4.386 4.093 3.727 4.128 4.236 4.056 3.696 3.767

#######################################################################################################################################
 OTHER RUN
#######################################################################################################################################

[1] "Out-degree matrix in the passing of generations"
       [,1]  [,2]  [,3] [,4] [,5]  [,6] [,7] [,8] [,9] [,10]
 [1,] 5.132 5.913 5.999    6    6 6.002    6    6    6 5.995
 [2,] 5.364 5.881 5.999    6    6 6.002    6    6    6 5.995
 [3,] 5.220 5.809 5.999    6    6 6.002    6    6    6 5.995
 [4,] 5.112 5.847 5.999    6    6 6.002    6    6    6 5.995
 [5,] 5.096 5.901 5.999    6    6 6.002    6    6    6 5.995
 [6,] 5.178 5.785 5.995    6    6 6.002    6    6    6 5.993
 [7,] 5.364 5.865 5.999    6    6 6.002    6    6    6 5.995
 [8,] 4.788 5.809 5.999    6    6 6.002    6    6    6 5.995
 [9,] 5.158 5.823 5.999    6    6 6.002    6    6    6 5.995
[10,] 4.976 5.771 5.999    6    6 6.002    6    6    6 5.995
[1] "In-degree matrix in the passing of generations"
       [,1]  [,2]  [,3] [,4] [,5]  [,6] [,7] [,8] [,9] [,10]
 [1,] 4.293 0.803 0.011    0    0  0.00    0    0    0 0.001
 [2,] 5.631 9.245 9.997   10   10 10.00   10   10   10 9.999
 [3,] 5.955 9.275 9.989   10   10 10.00   10   10   10 9.999
 [4,] 4.309 0.871 0.027    0    0  0.00    0    0    0 0.001
 [5,] 4.701 1.009 0.019    0    0  0.00    0    0    0 0.001
 [6,] 4.379 0.883 0.027    0    0  0.02    0    0    0 0.001
 [7,] 5.369 8.975 9.973   10   10 10.00   10   10   10 9.999
 [8,] 5.431 9.115 9.989   10   10 10.00   10   10   10 9.999
 [9,] 5.569 9.011 9.981   10   10 10.00   10   10   10 9.949
[10,] 5.751 9.217 9.973   10   10 10.00   10   10   10 9.999
